1   12  20  16  6  8  4  9  3  2  19  6  5  13  18  5  2  7  9  10  10  10  12  13  16  16  18  19
2   1  5  5  16  12  20  13  6  13  18  6  3  4  10  8  13  1  5  10  3  4  5  6  6  8  8  9  9  9  10  12  12  13  14  14  17  17  19  19
3   1  2  4  8  13  9  8  18  6  2  8  18  9  6  14  14  6  17  6  8  8  9  10  12  12  13  14  16  17
4   1  2  3  16  8  7  2  20  18  9  9  20  15  10  8  6  20  19  5  6  7  8  10  10  11  11  12  12  13  14  14  14  15  16  18  18  19  20
5   1  1  2  2  2  8  16  13  19  12  11  13  16  12  2  8  20  20  4  11  11  11  14  6  6  7  7  9  11  14  14  14  14  15  15  15  18  19  19  20
6   1  1  2  2  3  3  3  4  5  16  10  13  2  5  2  11  7  4  9  12  18  8  11  3  14  8  8  10  10  11  11  12  13  15  16  16  17  18  19  20  20  20  20  20
7   4  6  18  5  4  12  16  9  5  17  10  17  11  20  1  19  15  18  9  9  11  11  12  13  14  17  17  18  18
8   1  2  3  3  3  4  4  5  5  6  12  11  3  19  2  6  2  16  14  4  14  6  16  17  3  17  9  10  10  12  12  12  13  14  17  18  19  19  19  19
9   1  3  3  4  4  6  7  8  2  3  5  12  1  13  2  18  16  13  7  17  7  19  11  2  16  12  13  13  15  15  15  16  17  17  19  19
10   2  2  4  6  7  1  6  14  2  8  4  14  8  19  1  14  6  1  12  4  20  3  11  11  13  13  16  17  17  17  18  19  20  20
11   5  5  5  5  6  6  7  8  9  4  6  20  14  10  5  19  19  6  4  12  16  20  7  12  18  10  7  12  13  13  13  14  15  18  20
12   1  2  5  5  6  7  8  9  10  11  11  8  3  8  6  2  4  8  1  7  11  4  3  15  17  9  2  13  14  15  19  19  20
13   1  2  2  2  3  5  5  6  9  9  12  17  14  10  1  11  11  14  7  6  4  10  3  11  9  9  2  8  15  15  15  16  17  17  18  20
14   3  3  5  6  8  8  10  10  10  11  13  13  5  2  4  5  19  3  2  5  12  4  7  18  18  11  4  5  8  15  15  15  15  16  17  17  18
15   4  7  12  14  14  9  5  9  5  16  13  9  6  12  13  4  14  13  5  11  14  18
16   1  2  4  5  5  6  7  8  8  9  9  11  15  18  17  6  6  4  13  17  10  18  18  1  20  14  9  1  18  3  18
17   3  7  7  8  8  9  12  13  16  16  14  13  6  19  10  10  3  10  7  2  7  2  14  8  13  9  9  19  20
18   1  2  3  3  4  6  7  7  9  11  14  14  16  16  16  16  15  16  4  7  7  8  5  6  19  1  4  14  11  19  13  10  19  20
19   1  4  5  7  8  9  10  11  11  14  17  17  18  18  18  9  8  6  4  2  5  20  1  2  10  8  12  8  8  12  5  9  20  20  20
20   1  2  4  4  4  5  5  7  10  11  11  16  19  6  17  6  19  12  18  10  4  19  13  5  6  19  6  6  10  11  
